{
 "cells": [
  {
   "cell_type": "markdown",
   "metadata": {},
   "source": [
    "### Semana 4 - Actividad 1\n",
    "### Reducción de características de un conjunto de datos para encontrar sus componentes principales y mejorar su interpretabilidad con la menor pérdida de información posible.\n",
    "\n",
    "Lázaro Lara Martínez.\n",
    "Matricula A01793198\n",
    "\n",
    "José Mtanous Treviño.\n",
    "Matricula A00169781\n",
    "\n",
    "Ciencia y Analítica de datos.\n",
    "\n",
    "Profesor Titular.\n",
    "Jobish Vallikavungal Devassia\n",
    "\n",
    "Profesor Tutor.\n",
    "Mtro. Mario Alberto Solano Saldaña\n",
    "\n",
    "10/Octubre/2022"
   ]
  },
  {
   "cell_type": "code",
   "execution_count": 20,
   "metadata": {},
   "outputs": [],
   "source": [
    "import pandas as pd\n",
    "import numpy as np\n",
    "import matplotlib.pyplot as plt\n",
    "import seaborn as sns"
   ]
  },
  {
   "cell_type": "code",
   "execution_count": 2,
   "metadata": {},
   "outputs": [],
   "source": [
    "data_url = 'https://raw.githubusercontent.com/PosgradoMNA/Actividades_Aprendizaje-/main/default%20of%20credit%20card%20clients.csv'\n",
    "df = pd.read_csv(data_url)\n",
    "#columns = ['amount', 'gender', 'education', 'marital_status', 'age', 'history_of_payment', '']\n",
    "categorical_columns = ['X2', 'X3', 'X4', 'X6', 'X7', 'X8', 'X9', 'X10', 'X11']\n",
    "\n",
    "\n",
    "# PCA funciona bien para dimenciones numéricas, por eso vamos a quitar las dimensiones categóricas de nuesto análisis\n",
    "#\n",
    "df = df.drop(categorical_columns, axis=1)\n",
    "\n"
   ]
  },
  {
   "cell_type": "code",
   "execution_count": 3,
   "metadata": {},
   "outputs": [
    {
     "data": {
      "text/html": [
       "<div>\n",
       "<style scoped>\n",
       "    .dataframe tbody tr th:only-of-type {\n",
       "        vertical-align: middle;\n",
       "    }\n",
       "\n",
       "    .dataframe tbody tr th {\n",
       "        vertical-align: top;\n",
       "    }\n",
       "\n",
       "    .dataframe thead th {\n",
       "        text-align: right;\n",
       "    }\n",
       "</style>\n",
       "<table border=\"1\" class=\"dataframe\">\n",
       "  <thead>\n",
       "    <tr style=\"text-align: right;\">\n",
       "      <th></th>\n",
       "      <th>amount</th>\n",
       "      <th>age</th>\n",
       "      <th>statement1</th>\n",
       "      <th>statement2</th>\n",
       "      <th>statement3</th>\n",
       "      <th>statement4</th>\n",
       "      <th>statement5</th>\n",
       "      <th>statement6</th>\n",
       "      <th>payment1</th>\n",
       "      <th>payment2</th>\n",
       "      <th>payment3</th>\n",
       "      <th>payment4</th>\n",
       "      <th>payment5</th>\n",
       "      <th>payment6</th>\n",
       "    </tr>\n",
       "  </thead>\n",
       "  <tbody>\n",
       "    <tr>\n",
       "      <th>count</th>\n",
       "      <td>29971.000000</td>\n",
       "      <td>29971.000000</td>\n",
       "      <td>29971.000000</td>\n",
       "      <td>29971.000000</td>\n",
       "      <td>2.997100e+04</td>\n",
       "      <td>29971.000000</td>\n",
       "      <td>29971.000000</td>\n",
       "      <td>29971.000000</td>\n",
       "      <td>29971.000000</td>\n",
       "      <td>2.997100e+04</td>\n",
       "      <td>29971.000000</td>\n",
       "      <td>29971.000000</td>\n",
       "      <td>29971.000000</td>\n",
       "      <td>29971.000000</td>\n",
       "    </tr>\n",
       "    <tr>\n",
       "      <th>mean</th>\n",
       "      <td>167525.931067</td>\n",
       "      <td>35.481532</td>\n",
       "      <td>51249.461079</td>\n",
       "      <td>49203.165727</td>\n",
       "      <td>4.703742e+04</td>\n",
       "      <td>43284.028795</td>\n",
       "      <td>40332.777752</td>\n",
       "      <td>38893.714624</td>\n",
       "      <td>5663.353108</td>\n",
       "      <td>5.924604e+03</td>\n",
       "      <td>5227.418538</td>\n",
       "      <td>4828.608355</td>\n",
       "      <td>4800.375763</td>\n",
       "      <td>5219.145574</td>\n",
       "    </tr>\n",
       "    <tr>\n",
       "      <th>std</th>\n",
       "      <td>129732.848621</td>\n",
       "      <td>9.214731</td>\n",
       "      <td>73662.775620</td>\n",
       "      <td>71199.674796</td>\n",
       "      <td>6.937402e+04</td>\n",
       "      <td>64355.175519</td>\n",
       "      <td>60817.887131</td>\n",
       "      <td>59575.746331</td>\n",
       "      <td>16565.463372</td>\n",
       "      <td>2.305112e+04</td>\n",
       "      <td>17613.667083</td>\n",
       "      <td>15672.949501</td>\n",
       "      <td>15282.460453</td>\n",
       "      <td>17785.305817</td>\n",
       "    </tr>\n",
       "    <tr>\n",
       "      <th>min</th>\n",
       "      <td>10000.000000</td>\n",
       "      <td>21.000000</td>\n",
       "      <td>-165580.000000</td>\n",
       "      <td>-69777.000000</td>\n",
       "      <td>-1.572640e+05</td>\n",
       "      <td>-170000.000000</td>\n",
       "      <td>-81334.000000</td>\n",
       "      <td>-339603.000000</td>\n",
       "      <td>0.000000</td>\n",
       "      <td>0.000000e+00</td>\n",
       "      <td>0.000000</td>\n",
       "      <td>0.000000</td>\n",
       "      <td>0.000000</td>\n",
       "      <td>0.000000</td>\n",
       "    </tr>\n",
       "    <tr>\n",
       "      <th>25%</th>\n",
       "      <td>50000.000000</td>\n",
       "      <td>28.000000</td>\n",
       "      <td>3564.500000</td>\n",
       "      <td>2985.500000</td>\n",
       "      <td>2.670500e+03</td>\n",
       "      <td>2331.000000</td>\n",
       "      <td>1764.500000</td>\n",
       "      <td>1256.500000</td>\n",
       "      <td>1000.000000</td>\n",
       "      <td>8.360000e+02</td>\n",
       "      <td>390.000000</td>\n",
       "      <td>297.500000</td>\n",
       "      <td>254.500000</td>\n",
       "      <td>119.500000</td>\n",
       "    </tr>\n",
       "    <tr>\n",
       "      <th>50%</th>\n",
       "      <td>140000.000000</td>\n",
       "      <td>34.000000</td>\n",
       "      <td>22387.000000</td>\n",
       "      <td>21207.000000</td>\n",
       "      <td>2.008900e+04</td>\n",
       "      <td>19052.000000</td>\n",
       "      <td>18117.000000</td>\n",
       "      <td>17080.000000</td>\n",
       "      <td>2100.000000</td>\n",
       "      <td>2.010000e+03</td>\n",
       "      <td>1800.000000</td>\n",
       "      <td>1500.000000</td>\n",
       "      <td>1500.000000</td>\n",
       "      <td>1500.000000</td>\n",
       "    </tr>\n",
       "    <tr>\n",
       "      <th>75%</th>\n",
       "      <td>240000.000000</td>\n",
       "      <td>41.000000</td>\n",
       "      <td>67220.000000</td>\n",
       "      <td>64057.000000</td>\n",
       "      <td>6.018650e+04</td>\n",
       "      <td>54572.000000</td>\n",
       "      <td>50225.000000</td>\n",
       "      <td>49238.000000</td>\n",
       "      <td>5006.500000</td>\n",
       "      <td>5.000000e+03</td>\n",
       "      <td>4509.000000</td>\n",
       "      <td>4014.000000</td>\n",
       "      <td>4037.000000</td>\n",
       "      <td>4000.000000</td>\n",
       "    </tr>\n",
       "    <tr>\n",
       "      <th>max</th>\n",
       "      <td>1000000.000000</td>\n",
       "      <td>79.000000</td>\n",
       "      <td>964511.000000</td>\n",
       "      <td>983931.000000</td>\n",
       "      <td>1.664089e+06</td>\n",
       "      <td>891586.000000</td>\n",
       "      <td>927171.000000</td>\n",
       "      <td>961664.000000</td>\n",
       "      <td>873552.000000</td>\n",
       "      <td>1.684259e+06</td>\n",
       "      <td>896040.000000</td>\n",
       "      <td>621000.000000</td>\n",
       "      <td>426529.000000</td>\n",
       "      <td>528666.000000</td>\n",
       "    </tr>\n",
       "  </tbody>\n",
       "</table>\n",
       "</div>"
      ],
      "text/plain": [
       "               amount           age     statement1     statement2  \\\n",
       "count    29971.000000  29971.000000   29971.000000   29971.000000   \n",
       "mean    167525.931067     35.481532   51249.461079   49203.165727   \n",
       "std     129732.848621      9.214731   73662.775620   71199.674796   \n",
       "min      10000.000000     21.000000 -165580.000000  -69777.000000   \n",
       "25%      50000.000000     28.000000    3564.500000    2985.500000   \n",
       "50%     140000.000000     34.000000   22387.000000   21207.000000   \n",
       "75%     240000.000000     41.000000   67220.000000   64057.000000   \n",
       "max    1000000.000000     79.000000  964511.000000  983931.000000   \n",
       "\n",
       "         statement3     statement4     statement5     statement6  \\\n",
       "count  2.997100e+04   29971.000000   29971.000000   29971.000000   \n",
       "mean   4.703742e+04   43284.028795   40332.777752   38893.714624   \n",
       "std    6.937402e+04   64355.175519   60817.887131   59575.746331   \n",
       "min   -1.572640e+05 -170000.000000  -81334.000000 -339603.000000   \n",
       "25%    2.670500e+03    2331.000000    1764.500000    1256.500000   \n",
       "50%    2.008900e+04   19052.000000   18117.000000   17080.000000   \n",
       "75%    6.018650e+04   54572.000000   50225.000000   49238.000000   \n",
       "max    1.664089e+06  891586.000000  927171.000000  961664.000000   \n",
       "\n",
       "            payment1      payment2       payment3       payment4  \\\n",
       "count   29971.000000  2.997100e+04   29971.000000   29971.000000   \n",
       "mean     5663.353108  5.924604e+03    5227.418538    4828.608355   \n",
       "std     16565.463372  2.305112e+04   17613.667083   15672.949501   \n",
       "min         0.000000  0.000000e+00       0.000000       0.000000   \n",
       "25%      1000.000000  8.360000e+02     390.000000     297.500000   \n",
       "50%      2100.000000  2.010000e+03    1800.000000    1500.000000   \n",
       "75%      5006.500000  5.000000e+03    4509.000000    4014.000000   \n",
       "max    873552.000000  1.684259e+06  896040.000000  621000.000000   \n",
       "\n",
       "            payment5       payment6  \n",
       "count   29971.000000   29971.000000  \n",
       "mean     4800.375763    5219.145574  \n",
       "std     15282.460453   17785.305817  \n",
       "min         0.000000       0.000000  \n",
       "25%       254.500000     119.500000  \n",
       "50%      1500.000000    1500.000000  \n",
       "75%      4037.000000    4000.000000  \n",
       "max    426529.000000  528666.000000  "
      ]
     },
     "execution_count": 3,
     "metadata": {},
     "output_type": "execute_result"
    }
   ],
   "source": [
    "# La columna ID la podemos remover ya que no es una dimensión\n",
    "df = df.drop(['ID'],axis=1)\n",
    "\n",
    "# Por último, removemos la etiqueta\n",
    "df = df.drop(['Y'],axis=1)\n",
    "\n",
    "\n",
    "# Vamos a agregarle nombres propios a las columnas se según el documento de descriptción\n",
    "columnas = ['amount', 'age', 'statement1', 'statement2', 'statement3', 'statement4', 'statement5', 'statement6', 'payment1', 'payment2', 'payment3', 'payment4', 'payment5', 'payment6']\n",
    "\n",
    "df.columns = columnas\n",
    "\n",
    "# Revisamos los datos para ver si hay algún data faltante\n",
    "df.isnull().sum()\n",
    "# hay varios datos faltantes, ya que el número de renglones con datos faltantes son pocos en proporción\n",
    "# los podemos eliminar de nuestro juego de datos.\n",
    "x = df.dropna()\n",
    "\n",
    "# Una vez limpio nuestro data set podemos revisar algunas de sus propiedades estadísticas\n",
    "x.describe(include=\"all\")"
   ]
  },
  {
   "cell_type": "code",
   "execution_count": 4,
   "metadata": {},
   "outputs": [],
   "source": [
    "# Para continuear con nuestro análisis, debemos normalizar los datos \n",
    "# para esto usaremos una librería de sklearn\n",
    "\n",
    "from sklearn.preprocessing import StandardScaler\n",
    "scaler = StandardScaler()\n",
    "scaler.fit(x)\n",
    "scaledData = scaler.transform(x)\n",
    "\n"
   ]
  },
  {
   "cell_type": "code",
   "execution_count": 5,
   "metadata": {},
   "outputs": [
    {
     "data": {
      "text/plain": [
       "PCA(n_components=14)"
      ]
     },
     "execution_count": 5,
     "metadata": {},
     "output_type": "execute_result"
    }
   ],
   "source": [
    "from sklearn.decomposition import PCA\n",
    "pca = PCA(n_components=14)\n",
    "pca.fit(scaledData)"
   ]
  },
  {
   "cell_type": "code",
   "execution_count": 9,
   "metadata": {},
   "outputs": [],
   "source": [
    "x_pca = pca.transform(scaledData)\n"
   ]
  },
  {
   "cell_type": "code",
   "execution_count": 7,
   "metadata": {},
   "outputs": [
    {
     "data": {
      "text/html": [
       "<div>\n",
       "<style scoped>\n",
       "    .dataframe tbody tr th:only-of-type {\n",
       "        vertical-align: middle;\n",
       "    }\n",
       "\n",
       "    .dataframe tbody tr th {\n",
       "        vertical-align: top;\n",
       "    }\n",
       "\n",
       "    .dataframe thead th {\n",
       "        text-align: right;\n",
       "    }\n",
       "</style>\n",
       "<table border=\"1\" class=\"dataframe\">\n",
       "  <thead>\n",
       "    <tr style=\"text-align: right;\">\n",
       "      <th></th>\n",
       "      <th>Standard deviation</th>\n",
       "      <th>Proportion of variance</th>\n",
       "      <th>Cumulative proportion</th>\n",
       "    </tr>\n",
       "  </thead>\n",
       "  <tbody>\n",
       "    <tr>\n",
       "      <th>PC1</th>\n",
       "      <td>2.432904</td>\n",
       "      <td>0.422773</td>\n",
       "      <td>0.422773</td>\n",
       "    </tr>\n",
       "    <tr>\n",
       "      <th>PC2</th>\n",
       "      <td>1.309933</td>\n",
       "      <td>0.122562</td>\n",
       "      <td>0.545335</td>\n",
       "    </tr>\n",
       "    <tr>\n",
       "      <th>PC3</th>\n",
       "      <td>1.022276</td>\n",
       "      <td>0.074644</td>\n",
       "      <td>0.619979</td>\n",
       "    </tr>\n",
       "    <tr>\n",
       "      <th>PC4</th>\n",
       "      <td>0.961860</td>\n",
       "      <td>0.066082</td>\n",
       "      <td>0.686061</td>\n",
       "    </tr>\n",
       "    <tr>\n",
       "      <th>PC5</th>\n",
       "      <td>0.940077</td>\n",
       "      <td>0.063123</td>\n",
       "      <td>0.749183</td>\n",
       "    </tr>\n",
       "    <tr>\n",
       "      <th>PC6</th>\n",
       "      <td>0.934233</td>\n",
       "      <td>0.062340</td>\n",
       "      <td>0.811523</td>\n",
       "    </tr>\n",
       "    <tr>\n",
       "      <th>PC7</th>\n",
       "      <td>0.882978</td>\n",
       "      <td>0.055687</td>\n",
       "      <td>0.867211</td>\n",
       "    </tr>\n",
       "    <tr>\n",
       "      <th>PC8</th>\n",
       "      <td>0.852435</td>\n",
       "      <td>0.051902</td>\n",
       "      <td>0.919112</td>\n",
       "    </tr>\n",
       "    <tr>\n",
       "      <th>PC9</th>\n",
       "      <td>0.841052</td>\n",
       "      <td>0.050525</td>\n",
       "      <td>0.969637</td>\n",
       "    </tr>\n",
       "    <tr>\n",
       "      <th>PC10</th>\n",
       "      <td>0.514248</td>\n",
       "      <td>0.018889</td>\n",
       "      <td>0.988526</td>\n",
       "    </tr>\n",
       "    <tr>\n",
       "      <th>PC11</th>\n",
       "      <td>0.266465</td>\n",
       "      <td>0.005071</td>\n",
       "      <td>0.993597</td>\n",
       "    </tr>\n",
       "    <tr>\n",
       "      <th>PC12</th>\n",
       "      <td>0.202635</td>\n",
       "      <td>0.002933</td>\n",
       "      <td>0.996530</td>\n",
       "    </tr>\n",
       "    <tr>\n",
       "      <th>PC13</th>\n",
       "      <td>0.159175</td>\n",
       "      <td>0.001810</td>\n",
       "      <td>0.998340</td>\n",
       "    </tr>\n",
       "    <tr>\n",
       "      <th>PC14</th>\n",
       "      <td>0.152457</td>\n",
       "      <td>0.001660</td>\n",
       "      <td>1.000000</td>\n",
       "    </tr>\n",
       "  </tbody>\n",
       "</table>\n",
       "</div>"
      ],
      "text/plain": [
       "      Standard deviation  Proportion of variance  Cumulative proportion\n",
       "PC1             2.432904                0.422773               0.422773\n",
       "PC2             1.309933                0.122562               0.545335\n",
       "PC3             1.022276                0.074644               0.619979\n",
       "PC4             0.961860                0.066082               0.686061\n",
       "PC5             0.940077                0.063123               0.749183\n",
       "PC6             0.934233                0.062340               0.811523\n",
       "PC7             0.882978                0.055687               0.867211\n",
       "PC8             0.852435                0.051902               0.919112\n",
       "PC9             0.841052                0.050525               0.969637\n",
       "PC10            0.514248                0.018889               0.988526\n",
       "PC11            0.266465                0.005071               0.993597\n",
       "PC12            0.202635                0.002933               0.996530\n",
       "PC13            0.159175                0.001810               0.998340\n",
       "PC14            0.152457                0.001660               1.000000"
      ]
     },
     "execution_count": 7,
     "metadata": {},
     "output_type": "execute_result"
    }
   ],
   "source": [
    "pcsSummary = pd.DataFrame({'Standard deviation': np.sqrt(pca.explained_variance_),\n",
    "                          'Proportion of variance': pca.explained_variance_ratio_,\n",
    "                          'Cumulative proportion': np.cumsum(pca.explained_variance_ratio_)#column \n",
    "                          }\n",
    "                          )\n",
    "pcsSummary\n",
    "pcsSummary_df = pcsSummary\n",
    "\n",
    "#pcsSummary_df['PC']= ['PC{}'.format(i) for i in range(1, len(pcsSummary_df.columns) + 1)]\n",
    "\n",
    "row_names = np.array(['PC{}'.format(i) for i in range(1, 14 + 1)])\n",
    "pcsSummary.index = row_names\n",
    "pcsSummary"
   ]
  },
  {
   "cell_type": "code",
   "execution_count": 11,
   "metadata": {},
   "outputs": [
    {
     "data": {
      "text/plain": [
       "array([[ 1.65467392e-01,  3.27840289e-02,  3.72451786e-01,\n",
       "         3.83257480e-01,  3.88267290e-01,  3.91560792e-01,\n",
       "         3.88508499e-01,  3.80675121e-01,  1.35111250e-01,\n",
       "         1.16760454e-01,  1.28060094e-01,  1.16892109e-01,\n",
       "         1.13750458e-01,  1.05475137e-01],\n",
       "       [ 3.00798309e-01,  7.20294219e-02, -1.90762070e-01,\n",
       "        -1.74622941e-01, -1.26882733e-01, -1.20407046e-01,\n",
       "        -1.05928431e-01, -9.41679225e-02,  3.83181297e-01,\n",
       "         4.08370398e-01,  3.92302236e-01,  3.49613781e-01,\n",
       "         3.03908461e-01,  3.23539498e-01],\n",
       "       [-3.78585907e-01, -8.69404176e-01, -3.42744882e-02,\n",
       "        -1.87304601e-03,  3.47339200e-02,  3.40776042e-02,\n",
       "         3.38805355e-02,  1.84780277e-02,  1.73882878e-01,\n",
       "         2.01028494e-01,  1.22200498e-01,  6.23583479e-02,\n",
       "        -6.09339837e-02, -5.09077461e-02],\n",
       "       [-2.00022402e-01,  3.39082826e-01, -6.38786400e-02,\n",
       "         7.65527339e-03,  6.05345017e-02,  7.47625831e-02,\n",
       "         3.95209420e-02, -7.06384178e-02,  3.62103983e-01,\n",
       "         3.45706754e-01,  2.44633993e-01, -9.48312552e-02,\n",
       "        -6.09846859e-01, -3.65629359e-01],\n",
       "       [ 3.52836462e-02, -3.98552944e-02,  4.14022574e-02,\n",
       "         8.31697742e-02,  1.13783523e-01,  2.83644024e-02,\n",
       "        -1.06745496e-01, -1.64966980e-01,  2.25629970e-01,\n",
       "         1.48667160e-01, -2.39663816e-01, -5.77728073e-01,\n",
       "        -1.93350080e-01,  6.59220597e-01],\n",
       "       [-7.88323202e-02,  7.14160276e-02, -4.39984990e-02,\n",
       "        -2.88337839e-02,  9.92217028e-02,  1.45304004e-02,\n",
       "        -9.92916268e-02,  6.92588305e-02,  4.05801399e-02,\n",
       "         4.08357558e-01, -1.08111105e-01, -5.00875686e-01,\n",
       "         6.02374291e-01, -4.09126358e-01],\n",
       "       [ 1.11145765e-01, -7.87526729e-02,  8.15887469e-03,\n",
       "        -3.24547597e-02, -1.21169787e-01,  1.26487742e-01,\n",
       "        -7.57188668e-03,  7.89280972e-03, -2.01663414e-01,\n",
       "        -2.78849291e-01,  7.85237564e-01, -4.62214170e-01,\n",
       "         1.42782113e-02,  2.55922664e-02],\n",
       "       [-4.53169537e-02,  2.70192685e-02,  9.32405346e-03,\n",
       "        -1.35649392e-01,  9.31060752e-02,  3.91271792e-02,\n",
       "         4.97462569e-02, -3.65307010e-04, -7.48695781e-01,\n",
       "         5.78660520e-01,  6.79926333e-02,  7.76410924e-02,\n",
       "        -1.65234320e-01,  1.80851454e-01],\n",
       "       [-8.22063804e-01,  3.30439931e-01,  1.03435351e-02,\n",
       "         1.66869841e-02, -1.84705739e-02,  1.91164430e-02,\n",
       "         2.37266420e-02,  5.86900337e-02,  1.90241553e-02,\n",
       "        -1.09895624e-01,  1.52986810e-01,  9.89744601e-02,\n",
       "         2.52729642e-01,  3.16873617e-01],\n",
       "       [-2.91961535e-02, -9.04750864e-03,  5.66708175e-01,\n",
       "         3.86871700e-01,  1.22876286e-01, -2.05237130e-01,\n",
       "        -4.20006247e-01, -4.88868300e-01, -5.65902790e-02,\n",
       "         5.08411171e-02,  1.44908601e-01,  1.24075351e-01,\n",
       "         6.00069090e-02, -9.91878661e-02],\n",
       "       [-6.20850840e-03,  1.15765216e-04,  4.16050940e-01,\n",
       "         3.84332836e-02, -4.84808877e-01, -5.23202231e-01,\n",
       "         6.84095245e-02,  5.13263440e-01,  4.75110652e-02,\n",
       "         1.47309884e-01,  1.30947217e-04, -1.15821698e-01,\n",
       "        -9.94588669e-02,  3.49605893e-02],\n",
       "       [ 1.57156512e-02, -1.37828680e-03, -4.32955145e-01,\n",
       "         3.45026498e-01,  4.95788292e-01, -4.89705254e-01,\n",
       "        -2.49472835e-01,  3.38707908e-01, -6.93501714e-02,\n",
       "        -6.88443418e-02,  1.24671616e-01,  1.01358429e-03,\n",
       "        -6.94245839e-02,  2.77103854e-02],\n",
       "       [-4.32826974e-04,  1.30110233e-04, -1.83768165e-01,\n",
       "         3.29407678e-01, -8.64059247e-02, -3.62078319e-01,\n",
       "         7.18405373e-01, -4.27776410e-01, -4.48323602e-02,\n",
       "         3.89064466e-02,  2.54324874e-02, -8.07225983e-02,\n",
       "         9.52437646e-02, -1.72056038e-02],\n",
       "       [ 3.34124550e-03,  1.06415963e-03, -3.16617013e-01,\n",
       "         6.45273404e-01, -5.27621561e-01,  3.46042726e-01,\n",
       "        -2.26614268e-01,  7.22669601e-02, -8.45712231e-02,\n",
       "         1.24887672e-01, -6.30850554e-02,  4.22632810e-02,\n",
       "        -8.52860968e-03,  8.31355935e-03]])"
      ]
     },
     "execution_count": 11,
     "metadata": {},
     "output_type": "execute_result"
    }
   ],
   "source": [
    "pca.components_"
   ]
  },
  {
   "cell_type": "code",
   "execution_count": 15,
   "metadata": {},
   "outputs": [
    {
     "data": {
      "text/plain": [
       "Index(['amount', 'age', 'statement1', 'statement2', 'statement3', 'statement4',\n",
       "       'statement5', 'statement6', 'payment1', 'payment2', 'payment3',\n",
       "       'payment4', 'payment5', 'payment6'],\n",
       "      dtype='object')"
      ]
     },
     "execution_count": 15,
     "metadata": {},
     "output_type": "execute_result"
    }
   ],
   "source": [
    "x.columns"
   ]
  },
  {
   "cell_type": "code",
   "execution_count": 30,
   "metadata": {},
   "outputs": [
    {
     "data": {
      "text/html": [
       "<div>\n",
       "<style scoped>\n",
       "    .dataframe tbody tr th:only-of-type {\n",
       "        vertical-align: middle;\n",
       "    }\n",
       "\n",
       "    .dataframe tbody tr th {\n",
       "        vertical-align: top;\n",
       "    }\n",
       "\n",
       "    .dataframe thead th {\n",
       "        text-align: right;\n",
       "    }\n",
       "</style>\n",
       "<table border=\"1\" class=\"dataframe\">\n",
       "  <thead>\n",
       "    <tr style=\"text-align: right;\">\n",
       "      <th></th>\n",
       "      <th>PC1</th>\n",
       "      <th>PC2</th>\n",
       "      <th>PC3</th>\n",
       "      <th>PC4</th>\n",
       "      <th>PC5</th>\n",
       "      <th>PC6</th>\n",
       "      <th>PC7</th>\n",
       "      <th>PC8</th>\n",
       "      <th>PC9</th>\n",
       "      <th>PC10</th>\n",
       "      <th>PC11</th>\n",
       "      <th>PC12</th>\n",
       "      <th>PC13</th>\n",
       "      <th>PC14</th>\n",
       "    </tr>\n",
       "  </thead>\n",
       "  <tbody>\n",
       "    <tr>\n",
       "      <th>amount</th>\n",
       "      <td>0.165467</td>\n",
       "      <td>0.300798</td>\n",
       "      <td>-0.378586</td>\n",
       "      <td>-0.200022</td>\n",
       "      <td>0.035284</td>\n",
       "      <td>-0.078832</td>\n",
       "      <td>0.111146</td>\n",
       "      <td>-0.045317</td>\n",
       "      <td>-0.822064</td>\n",
       "      <td>-0.029196</td>\n",
       "      <td>-0.006209</td>\n",
       "      <td>0.015716</td>\n",
       "      <td>-0.000433</td>\n",
       "      <td>0.003341</td>\n",
       "    </tr>\n",
       "    <tr>\n",
       "      <th>age</th>\n",
       "      <td>0.032784</td>\n",
       "      <td>0.072029</td>\n",
       "      <td>-0.869404</td>\n",
       "      <td>0.339083</td>\n",
       "      <td>-0.039855</td>\n",
       "      <td>0.071416</td>\n",
       "      <td>-0.078753</td>\n",
       "      <td>0.027019</td>\n",
       "      <td>0.330440</td>\n",
       "      <td>-0.009048</td>\n",
       "      <td>0.000116</td>\n",
       "      <td>-0.001378</td>\n",
       "      <td>0.000130</td>\n",
       "      <td>0.001064</td>\n",
       "    </tr>\n",
       "    <tr>\n",
       "      <th>statement1</th>\n",
       "      <td>0.372452</td>\n",
       "      <td>-0.190762</td>\n",
       "      <td>-0.034274</td>\n",
       "      <td>-0.063879</td>\n",
       "      <td>0.041402</td>\n",
       "      <td>-0.043998</td>\n",
       "      <td>0.008159</td>\n",
       "      <td>0.009324</td>\n",
       "      <td>0.010344</td>\n",
       "      <td>0.566708</td>\n",
       "      <td>0.416051</td>\n",
       "      <td>-0.432955</td>\n",
       "      <td>-0.183768</td>\n",
       "      <td>-0.316617</td>\n",
       "    </tr>\n",
       "    <tr>\n",
       "      <th>statement2</th>\n",
       "      <td>0.383257</td>\n",
       "      <td>-0.174623</td>\n",
       "      <td>-0.001873</td>\n",
       "      <td>0.007655</td>\n",
       "      <td>0.083170</td>\n",
       "      <td>-0.028834</td>\n",
       "      <td>-0.032455</td>\n",
       "      <td>-0.135649</td>\n",
       "      <td>0.016687</td>\n",
       "      <td>0.386872</td>\n",
       "      <td>0.038433</td>\n",
       "      <td>0.345026</td>\n",
       "      <td>0.329408</td>\n",
       "      <td>0.645273</td>\n",
       "    </tr>\n",
       "    <tr>\n",
       "      <th>statement3</th>\n",
       "      <td>0.388267</td>\n",
       "      <td>-0.126883</td>\n",
       "      <td>0.034734</td>\n",
       "      <td>0.060535</td>\n",
       "      <td>0.113784</td>\n",
       "      <td>0.099222</td>\n",
       "      <td>-0.121170</td>\n",
       "      <td>0.093106</td>\n",
       "      <td>-0.018471</td>\n",
       "      <td>0.122876</td>\n",
       "      <td>-0.484809</td>\n",
       "      <td>0.495788</td>\n",
       "      <td>-0.086406</td>\n",
       "      <td>-0.527622</td>\n",
       "    </tr>\n",
       "    <tr>\n",
       "      <th>statement4</th>\n",
       "      <td>0.391561</td>\n",
       "      <td>-0.120407</td>\n",
       "      <td>0.034078</td>\n",
       "      <td>0.074763</td>\n",
       "      <td>0.028364</td>\n",
       "      <td>0.014530</td>\n",
       "      <td>0.126488</td>\n",
       "      <td>0.039127</td>\n",
       "      <td>0.019116</td>\n",
       "      <td>-0.205237</td>\n",
       "      <td>-0.523202</td>\n",
       "      <td>-0.489705</td>\n",
       "      <td>-0.362078</td>\n",
       "      <td>0.346043</td>\n",
       "    </tr>\n",
       "    <tr>\n",
       "      <th>statement5</th>\n",
       "      <td>0.388508</td>\n",
       "      <td>-0.105928</td>\n",
       "      <td>0.033881</td>\n",
       "      <td>0.039521</td>\n",
       "      <td>-0.106745</td>\n",
       "      <td>-0.099292</td>\n",
       "      <td>-0.007572</td>\n",
       "      <td>0.049746</td>\n",
       "      <td>0.023727</td>\n",
       "      <td>-0.420006</td>\n",
       "      <td>0.068410</td>\n",
       "      <td>-0.249473</td>\n",
       "      <td>0.718405</td>\n",
       "      <td>-0.226614</td>\n",
       "    </tr>\n",
       "    <tr>\n",
       "      <th>statement6</th>\n",
       "      <td>0.380675</td>\n",
       "      <td>-0.094168</td>\n",
       "      <td>0.018478</td>\n",
       "      <td>-0.070638</td>\n",
       "      <td>-0.164967</td>\n",
       "      <td>0.069259</td>\n",
       "      <td>0.007893</td>\n",
       "      <td>-0.000365</td>\n",
       "      <td>0.058690</td>\n",
       "      <td>-0.488868</td>\n",
       "      <td>0.513263</td>\n",
       "      <td>0.338708</td>\n",
       "      <td>-0.427776</td>\n",
       "      <td>0.072267</td>\n",
       "    </tr>\n",
       "    <tr>\n",
       "      <th>payment1</th>\n",
       "      <td>0.135111</td>\n",
       "      <td>0.383181</td>\n",
       "      <td>0.173883</td>\n",
       "      <td>0.362104</td>\n",
       "      <td>0.225630</td>\n",
       "      <td>0.040580</td>\n",
       "      <td>-0.201663</td>\n",
       "      <td>-0.748696</td>\n",
       "      <td>0.019024</td>\n",
       "      <td>-0.056590</td>\n",
       "      <td>0.047511</td>\n",
       "      <td>-0.069350</td>\n",
       "      <td>-0.044832</td>\n",
       "      <td>-0.084571</td>\n",
       "    </tr>\n",
       "    <tr>\n",
       "      <th>payment2</th>\n",
       "      <td>0.116760</td>\n",
       "      <td>0.408370</td>\n",
       "      <td>0.201028</td>\n",
       "      <td>0.345707</td>\n",
       "      <td>0.148667</td>\n",
       "      <td>0.408358</td>\n",
       "      <td>-0.278849</td>\n",
       "      <td>0.578661</td>\n",
       "      <td>-0.109896</td>\n",
       "      <td>0.050841</td>\n",
       "      <td>0.147310</td>\n",
       "      <td>-0.068844</td>\n",
       "      <td>0.038906</td>\n",
       "      <td>0.124888</td>\n",
       "    </tr>\n",
       "    <tr>\n",
       "      <th>payment3</th>\n",
       "      <td>0.128060</td>\n",
       "      <td>0.392302</td>\n",
       "      <td>0.122200</td>\n",
       "      <td>0.244634</td>\n",
       "      <td>-0.239664</td>\n",
       "      <td>-0.108111</td>\n",
       "      <td>0.785238</td>\n",
       "      <td>0.067993</td>\n",
       "      <td>0.152987</td>\n",
       "      <td>0.144909</td>\n",
       "      <td>0.000131</td>\n",
       "      <td>0.124672</td>\n",
       "      <td>0.025432</td>\n",
       "      <td>-0.063085</td>\n",
       "    </tr>\n",
       "    <tr>\n",
       "      <th>payment4</th>\n",
       "      <td>0.116892</td>\n",
       "      <td>0.349614</td>\n",
       "      <td>0.062358</td>\n",
       "      <td>-0.094831</td>\n",
       "      <td>-0.577728</td>\n",
       "      <td>-0.500876</td>\n",
       "      <td>-0.462214</td>\n",
       "      <td>0.077641</td>\n",
       "      <td>0.098974</td>\n",
       "      <td>0.124075</td>\n",
       "      <td>-0.115822</td>\n",
       "      <td>0.001014</td>\n",
       "      <td>-0.080723</td>\n",
       "      <td>0.042263</td>\n",
       "    </tr>\n",
       "    <tr>\n",
       "      <th>payment5</th>\n",
       "      <td>0.113750</td>\n",
       "      <td>0.303908</td>\n",
       "      <td>-0.060934</td>\n",
       "      <td>-0.609847</td>\n",
       "      <td>-0.193350</td>\n",
       "      <td>0.602374</td>\n",
       "      <td>0.014278</td>\n",
       "      <td>-0.165234</td>\n",
       "      <td>0.252730</td>\n",
       "      <td>0.060007</td>\n",
       "      <td>-0.099459</td>\n",
       "      <td>-0.069425</td>\n",
       "      <td>0.095244</td>\n",
       "      <td>-0.008529</td>\n",
       "    </tr>\n",
       "    <tr>\n",
       "      <th>payment6</th>\n",
       "      <td>0.105475</td>\n",
       "      <td>0.323539</td>\n",
       "      <td>-0.050908</td>\n",
       "      <td>-0.365629</td>\n",
       "      <td>0.659221</td>\n",
       "      <td>-0.409126</td>\n",
       "      <td>0.025592</td>\n",
       "      <td>0.180851</td>\n",
       "      <td>0.316874</td>\n",
       "      <td>-0.099188</td>\n",
       "      <td>0.034961</td>\n",
       "      <td>0.027710</td>\n",
       "      <td>-0.017206</td>\n",
       "      <td>0.008314</td>\n",
       "    </tr>\n",
       "  </tbody>\n",
       "</table>\n",
       "</div>"
      ],
      "text/plain": [
       "                 PC1       PC2       PC3       PC4       PC5       PC6  \\\n",
       "amount      0.165467  0.300798 -0.378586 -0.200022  0.035284 -0.078832   \n",
       "age         0.032784  0.072029 -0.869404  0.339083 -0.039855  0.071416   \n",
       "statement1  0.372452 -0.190762 -0.034274 -0.063879  0.041402 -0.043998   \n",
       "statement2  0.383257 -0.174623 -0.001873  0.007655  0.083170 -0.028834   \n",
       "statement3  0.388267 -0.126883  0.034734  0.060535  0.113784  0.099222   \n",
       "statement4  0.391561 -0.120407  0.034078  0.074763  0.028364  0.014530   \n",
       "statement5  0.388508 -0.105928  0.033881  0.039521 -0.106745 -0.099292   \n",
       "statement6  0.380675 -0.094168  0.018478 -0.070638 -0.164967  0.069259   \n",
       "payment1    0.135111  0.383181  0.173883  0.362104  0.225630  0.040580   \n",
       "payment2    0.116760  0.408370  0.201028  0.345707  0.148667  0.408358   \n",
       "payment3    0.128060  0.392302  0.122200  0.244634 -0.239664 -0.108111   \n",
       "payment4    0.116892  0.349614  0.062358 -0.094831 -0.577728 -0.500876   \n",
       "payment5    0.113750  0.303908 -0.060934 -0.609847 -0.193350  0.602374   \n",
       "payment6    0.105475  0.323539 -0.050908 -0.365629  0.659221 -0.409126   \n",
       "\n",
       "                 PC7       PC8       PC9      PC10      PC11      PC12  \\\n",
       "amount      0.111146 -0.045317 -0.822064 -0.029196 -0.006209  0.015716   \n",
       "age        -0.078753  0.027019  0.330440 -0.009048  0.000116 -0.001378   \n",
       "statement1  0.008159  0.009324  0.010344  0.566708  0.416051 -0.432955   \n",
       "statement2 -0.032455 -0.135649  0.016687  0.386872  0.038433  0.345026   \n",
       "statement3 -0.121170  0.093106 -0.018471  0.122876 -0.484809  0.495788   \n",
       "statement4  0.126488  0.039127  0.019116 -0.205237 -0.523202 -0.489705   \n",
       "statement5 -0.007572  0.049746  0.023727 -0.420006  0.068410 -0.249473   \n",
       "statement6  0.007893 -0.000365  0.058690 -0.488868  0.513263  0.338708   \n",
       "payment1   -0.201663 -0.748696  0.019024 -0.056590  0.047511 -0.069350   \n",
       "payment2   -0.278849  0.578661 -0.109896  0.050841  0.147310 -0.068844   \n",
       "payment3    0.785238  0.067993  0.152987  0.144909  0.000131  0.124672   \n",
       "payment4   -0.462214  0.077641  0.098974  0.124075 -0.115822  0.001014   \n",
       "payment5    0.014278 -0.165234  0.252730  0.060007 -0.099459 -0.069425   \n",
       "payment6    0.025592  0.180851  0.316874 -0.099188  0.034961  0.027710   \n",
       "\n",
       "                PC13      PC14  \n",
       "amount     -0.000433  0.003341  \n",
       "age         0.000130  0.001064  \n",
       "statement1 -0.183768 -0.316617  \n",
       "statement2  0.329408  0.645273  \n",
       "statement3 -0.086406 -0.527622  \n",
       "statement4 -0.362078  0.346043  \n",
       "statement5  0.718405 -0.226614  \n",
       "statement6 -0.427776  0.072267  \n",
       "payment1   -0.044832 -0.084571  \n",
       "payment2    0.038906  0.124888  \n",
       "payment3    0.025432 -0.063085  \n",
       "payment4   -0.080723  0.042263  \n",
       "payment5    0.095244 -0.008529  \n",
       "payment6   -0.017206  0.008314  "
      ]
     },
     "execution_count": 30,
     "metadata": {},
     "output_type": "execute_result"
    }
   ],
   "source": [
    "pcsComponents_dfX = pd.DataFrame(pca.components_.transpose(), \n",
    "                                columns = row_names,\n",
    "                                index = x.columns\n",
    "                                )\n",
    "pcsComponents_dfX\n"
   ]
  },
  {
   "cell_type": "code",
   "execution_count": null,
   "metadata": {},
   "outputs": [],
   "source": []
  },
  {
   "cell_type": "code",
   "execution_count": 43,
   "metadata": {},
   "outputs": [
    {
     "data": {
